1 0
2 2049
3 26627
4 23610
5 43013
6 14343
7 28681
8 23611
9 10250
10 23612
11 6161
12 23613
13 61459
14 23614
15 28
16 45085
17 23615
18 20511
19 20512
20 20513
21 21580
22 24611
23 23616
24 21581
25 23617
26 49195
27 23618
28 6190
29 6191
30 6192
31 6193
32 23619
33 6194
34 9780
35 61512
36 61513
37 24650
38 61514
39 34892
40 61515
41 28746
42 79
43 28747
44 36944
45 36945
46 36946
47 36947
48 12368
49 41051
50 28767
51 28768
52 23629
53 32882
54 34936
55 34937
56 51321
57 23634
58 10373
59 10374
60 8328
61 4239
62 23639
63 23640
64 6300
65 23641
66 18595
67 23642
68 28844
69 63666
70 4274
71 4275
72 26805
73 32951
74 12473
75 43193
76 43194
77 43195
78 43196
79 43197
80 43198
81 18624
82 18625
83 10432
84 43199
85 43200
86 43201
87 194
88 6334
89 61636
90 61637
91 47311
92 47312
93 47313
94 47314
95 47315
96 47316
97 42782
98 23651
99 19753
100 23652
101 32986
102 23653
103 53474
104 53475
105 23654
106 28903
107 23655
108 23656
109 53487
110 23657
111 6386
112 2290
113 45300
114 45301
115 18678
116 18679
117 24824
118 18680
119 23659
120 23660
121 12545
122 12546
123 12547
124 12548
125 12549
126 12550
127 12551
128 12552
129 12553
130 12554
131 12555
132 12556
133 12557
134 26894
135 12558
136 12559
137 12560
138 12561
139 12562
140 12563
141 12564
142 12565
143 12566
144 12567
145 12568
146 12569
147 12570
148 12571
149 53533
150 12572
151 26911
152 12573
153 51489
154 51490
155 12574
156 12575
157 12576
158 12577
159 12578
160 12579
161 47404
162 14637
163 47405
164 41263
165 41264
166 41265
167 41266
168 28976
169 47406
170 47407
171 2359
172 53568
173 320
174 51526
175 16754
176 35142
177 22857
178 49482
179 24905
180 4431
181 29008
182 26964
183 16728
184 6489
185 6490
186 14683
187 14684
188 16729
189 16730
190 2400
191 8548
192 31821
193 49518
194 24943
195 49519
196 16753
197 49520
198 49521
199 49522
200 49523
201 49524
202 10615
203 49525
204 49526
205 49527
206 49528
207 49529
208 37236
209 55681
210 22919
211 44040
212 14734
213 23624
214 44041
215 10646
216 20891
217 20892
218 12703
219 61864
220 18859
221 22956
222 22957
223 22958
224 22959
225 31152
226 6580
227 6582
228 45495
229 31161
230 51642
231 443
232 51643
233 31170
234 22980
235 452
236 22981
237 43463
238 6600
239 35273
240 43464
241 31179
242 31180
243 31181
244 31182
245 31183
246 31184
247 31185
248 31186
249 31187
250 31188
251 469
252 4560
253 35278
254 35279
255 37951
256 41444
257 47592
258 2545
259 14833
260 45555
261 23028
262 45556
263 57846
264 45557
265 25081
266 20987
267 6653
268 53757
269 41471
270 48134
271 53758
272 53759
273 23043
274 51722
275 53771
276 61963
277 16915
278 4635
279 53792
280 43552
281 47735
282 552
283 14889
284 53805
285 18991
286 18992
287 4672
288 29256
289 8777
290 8778
291 8779
292 2643
293 59997
294 47710
295 51807
296 47711
297 47712
298 8802
299 51810
300 8803
301 33383
302 33384
303 33385
304 29290
305 33386
306 33387
307 33388
308 33389
309 33390
310 33391
311 33392
312 33393
313 33394
314 19060
315 8821
316 33395
317 33396
318 33397
319 33398
320 33399
321 14971
322 8828
323 14972
324 8829
325 33400
326 33401
327 33402
328 57994
329 8843
330 8844
331 25234
332 25235
333 21142
334 21143
335 10904
336 21144
337 51869
338 12963
339 12964
340 6826
341 6827
342 19126
343 19130
344 2759
345 27343
346 17105
347 33494
348 2774
349 29400
350 19167
351 10978
352 33508
353 33509
354 33510
355 21223
356 743
357 33511
358 51951
359 47875
360 41731
361 60166
362 60167
363 29460
364 62234
365 62238
366 60195
367 52004
368 52005
369 31528
370 32321
371 19258
372 31546
373 32322
374 56339
375 32323
376 43844
377 21319
378 21320
379 62279
380 15178
381 15179
382 15180
383 15181
384 18892
385 19297
386 60257
387 21347
388 29547
389 27502
390 35697
391 9077
392 9078
393 41850
394 11131
395 21372
396 19325
397 17278
398 21377
399 21378
400 56201
401 43914
402 56202
403 45974
404 45975
405 19493
406 7079
407 39847
408 62388
409 35768
410 1411
411 62403
412 62404
413 62405
414 23497
415 23498
416 11211
417 39883
418 56367
419 37235
420 11218
421 54229
422 17375
423 17376
424 21473
425 46055
426 23542
427 23543
428 19447
429 23544
430 23545
431 23546
432 23547
433 23548
434 23549
435 23550
436 23551
437 23552
438 58370
439 23553
440 23554
441 23555
442 23556
443 23557
444 23558
445 23559
446 23560
447 23561
448 58376
449 23562
450 23563
451 23564
452 23565
453 23566
454 23567
455 23568
456 23569
457 23570
458 17430
459 17431
460 17432
461 17433
462 17434
463 17435
464 17436
465 17437
466 17438
467 17439
468 17440
469 17441
470 17442
471 17443
472 17444
473 17445
474 17446
475 17447
476 17448
477 17449
478 17450
479 17451
480 25644
481 5164
482 17452
483 17455
484 17456
485 54321
486 17457
487 17453
488 17458
489 17459
490 17460
491 17461
492 17464
493 17462
494 7226
495 17463
496 17465
497 17466
498 58430
499 17467
500 17468
501 37953
502 17469
503 40514
504 3140
505 40515
506 37949
507 37950
508 40516
509 37952
510 37954
511 25675
512 40517
513 23620
514 23621
515 23622
516 23623
517 40518
518 23625
519 23626
520 23627
521 23628
522 40519
523 23630
524 23631
525 23632
526 23633
527 21595
528 23635
529 23636
530 23637
531 23638
532 3168
533 11361
534 37984
535 37985
536 23643
537 23644
538 23645
539 23646
540 23647
541 23648
542 23649
543 23650
544 37996
545 58477
546 13422
547 33903
548 56432
549 52337
550 48237
551 23658
552 35956
553 35957
554 23661
555 6333
556 23663
557 23664
558 5242
559 23675
560 62591
561 60550
562 60551
563 31878
564 60552
565 60553
566 60554
567 60555
568 9367
569 21656
570 21666
571 54435
572 40507
573 11433
574 11434
575 15549
576 15553
577 15554
578 5315
579 5316
580 31940
581 21702
582 58451
583 44232
584 3272
585 19657
586 1228
587 3283
588 11476
589 54494
590 54495
591 54497
592 7395
593 1252
594 7399
595 64743
596 64744
597 64745
598 64746
599 7400
600 48365
601 17652
602 58623
603 56577
604 44294
605 42249
606 1297
607 3345
608 32020
609 17693
610 46369
611 52518
612 52519
613 25896
614 52520
615 52521
616 40512
617 48424
618 15660
619 15661
620 7471
621 25904
622 15662
623 15663
624 15664
625 17716
626 15665
627 15666
628 15667
629 15668
630 15669
631 15670
632 15671
633 5436
634 25916
635 15672
636 15673
637 40513
638 15674
639 15675
640 15676
641 15677
642 23662
643 461
644 8820
645 19824
646 50553
647 1406
648 1407
649 1408
650 1409
651 30082
652 1410
653 32132
654 32133
655 32134
656 32135
657 32136
658 38281
659 38282
660 38283
661 38284
662 32137
663 32138
664 32139
665 32140
666 32141
667 13717
668 48534
669 23665
670 44443
671 34203
672 5534
673 64933
674 26024
675 26025
676 5546
677 30123
678 30124
679 30125
680 5548
681 54835
682 62904
683 36281
684 17849
685 44475
686 30140
687 44476
688 44477
689 44478
690 56763
691 15821
692 15822
693 7650
694 3559
695 19960
696 19961
697 32250
698 13817
699 28156
700 28157
701 11778
702 26119
703 19975
704 19976
705 19977
706 36366
707 17940
708 46614
709 5655
710 5656
711 22041
712 52767
713 44576
714 52768
715 24097
716 52769
717 52770
718 52771
719 15910
720 24102
721 42543
722 15922
723 15923
724 15924
725 15925
726 15926
727 15927
728 15928
729 15929
730 15930
731 15931
732 15932
733 15933
734 15934
735 15935
736 15936
737 15937
738 15938
739 30275
740 36413
741 15939
742 15940
743 50759
744 43466
745 43467
746 15941
747 43468
748 15942
749 15943
750 15944
751 15945
752 43469
753 15946
754 15947
755 15948
756 30283
757 26196
758 15949
759 15950
760 15951
761 15952
762 15953
763 15954
764 15955
765 15956
766 7244
767 42597
768 3692
769 20077
770 58994
771 13949
772 16001
773 16002
774 32392
775 22153
776 22158
777 38549
778 3734
779 38550
780 16024
781 16025
782 38551
783 38552
784 7836
785 7837
786 7838
787 26277
788 20134
789 26278
790 13999
791 14000
792 14001
793 14002
794 30391
795 50888
796 44756
797 22228
798 28374
799 34519
800 34520
801 34521
802 11990
803 59100
804 59101
805 59102
806 59103
807 7907
808 7908
809 7909
810 7910
811 7911
812 28392
813 7912
814 7913
815 7914
816 7915
817 7916
818 24296
819 3822
820 7917
821 18161
822 52980
823 26357
824 28441
825 52981
826 52982
827 57086
828 18175
829 18176
830 3840
831 3841
832 57087
833 18177
834 18178
835 18182
836 17454
837 26381
838 9998
839 20239
840 20240
841 20241
842 9999
843 59153
844 59154
845 28439
846 42777
847 42778
848 26395
849 63259
850 63260
851 10014
852 63261
853 63262
854 26396
855 63263
856 63264
857 42779
858 42780
859 42781
860 19494
861 42783
862 30505
863 42793
864 42794
865 19495
866 19496
867 12078
868 24367
869 19497
870 1844
871 23571
872 23572
873 5961
874 23573
875 34637
876 34638
877 23574
878 20301
879 46931
880 23575
881 43465
882 48985
883 48986
884 23576
885 21541
886 55134
887 57182
888 23577
889 21542
890 32611
891 23578
892 24423
893 23579
894 24424
895 23580
896 32625
897 23581
898 23582
899 26489
900 23583
901 15442
902 6080
903 23584
904 20358
905 23585
906 22410
907 59276
908 23586
909 53135
910 23587
911 32662
912 23588
913 23589
914 21554
915 10141
916 23590
917 16292
918 16293
919 23591
920 10151
921 23592
922 23593
923 57266
924 26548
925 23594
926 23595
927 23596
928 57279
929 24510
930 32705
931 32706
932 32707
933 32708
934 23597
935 32709
936 32710
937 23598
938 29704
939 32711
940 32712
941 32713
942 23599
943 29705
944 16333
945 63440
946 63441
947 63442
948 23600
949 4052
950 4053
951 23601
952 23602
953 51168
954 23603
955 28640
956 28641
957 23604
958 6122
959 23605
960 23606
961 23607
962 23608
963 23609
