1 1521118773.289502000000000000 1521118773.289504533724340176
6 1521118773.289514668621700880 1521118773.289517202346041056
10 1521118773.289524803519061584 1521118773.289527337243401760
11 1521118773.289527337243401760 1521118773.289529870967741935
13 1521118773.289532404692082111 1521118773.289534938416422287
15 1521118773.289537472140762463 1521118773.289540005865102639
16 1521118773.289540005865102639 1521118773.289542539589442815
17 1521118773.289542539589442815 1521118773.289545073313782991
19 1521118773.289547607038123167 1521118773.289550140762463343
20 1521118773.289550140762463343 1521118773.289552674486803519
22 1521118773.289555208211143695 1521118773.289557741935483871
26 1521118773.289565343108504399 1521118773.289567876832844575
29 1521118773.289572944281524927 1521118773.289575478005865103
31 1521118773.289578011730205279 1521118773.289580545454545455
37 1521118773.289593214076246334 1521118773.289595747800586510
38 1521118773.289595747800586510 1521118773.289598281524926686
39 1521118773.289598281524926686 1521118773.289600815249266862
42 1521118773.289605882697947214 1521118773.289608416422287390
43 1521118773.289608416422287390 1521118773.289610950146627566
44 1521118773.289610950146627566 1521118773.289613483870967742
45 1521118773.289613483870967742 1521118773.289616017595307918
46 1521118773.289616017595307918 1521118773.289618551319648094
47 1521118773.289618551319648094 1521118773.289621085043988270
51 1521118773.289628686217008798 1521118773.289631219941348974
55 1521118773.289638821114369501 1521118773.289641354838709677
56 1521118773.289641354838709677 1521118773.289643888563049853
58 1521118773.289646422287390029 1521118773.289648956011730205
59 1521118773.289648956011730205 1521118773.289651489736070381
60 1521118773.289651489736070381 1521118773.289654023460410557
63 1521118773.289659090909090909 1521118773.289661624633431085
65 1521118773.289664158357771261 1521118773.289666692082111437
68 1521118773.289671759530791789 1521118773.289674293255131965
70 1521118773.289676826979472141 1521118773.289679360703812317
73 1521118773.289684428152492669 1521118773.289686961876832845
74 1521118773.289686961876832845 1521118773.289689495601173021
75 1521118773.289689495601173021 1521118773.289692029325513196
78 1521118773.289697096774193548 1521118773.289699630498533724
79 1521118773.289699630498533724 1521118773.289702164222873900
80 1521118773.289702164222873900 1521118773.289704697947214076
81 1521118773.289704697947214076 1521118773.289707231671554252
84 1521118773.289712299120234604 1521118773.289714832844574780
85 1521118773.289714832844574780 1521118773.289717366568914956
86 1521118773.289717366568914956 1521118773.289719900293255132
88 1521118773.289722434017595308 1521118773.289724967741935484
89 1521118773.289724967741935484 1521118773.289727501466275660
90 1521118773.289727501466275660 1521118773.289730035190615836
91 1521118773.289730035190615836 1521118773.289732568914956012
92 1521118773.289732568914956012 1521118773.289735102639296188
95 1521118773.289740170087976540 1521118773.289742703812316716
100 1521118773.289752838709677419 1521118773.289755372434017595
101 1521118773.289755372434017595 1521118773.289757906158357771
103 1521118773.289760439882697947 1521118773.289762973607038123
104 1521118773.289762973607038123 1521118773.289765507331378299
105 1521118773.289765507331378299 1521118773.289768041055718475
106 1521118773.289768041055718475 1521118773.289770574780058651
108 1521118773.289773108504398827 1521118773.289775642228739003
111 1521118773.289780709677419355 1521118773.289783243401759531
115 1521118773.289790844574780059 1521118773.289793378299120235
118 1521118773.289798445747800587 1521118773.289800979472140762
120 1521118773.289803513196480938 1521118773.289806046920821114
121 1521118773.289806046920821114 1521118773.289808580645161290
122 1521118773.289808580645161290 1521118773.289811114369501466
123 1521118773.289811114369501466 1521118773.289813648093841642
125 1521118773.289816181818181818 1521118773.289818715542521994
127 1521118773.289821249266862170 1521118773.289823782991202346
129 1521118773.289826316715542522 1521118773.289828850439882698
133 1521118773.289836451612903226 1521118773.289838985337243402
134 1521118773.289838985337243402 1521118773.289841519061583578
135 1521118773.289841519061583578 1521118773.289844052785923754
138 1521118773.289849120234604106 1521118773.289851653958944282
139 1521118773.289851653958944282 1521118773.289854187683284457
142 1521118773.289859255131964809 1521118773.289861788856304985
143 1521118773.289861788856304985 1521118773.289864322580645161
144 1521118773.289864322580645161 1521118773.289866856304985337
146 1521118773.289869390029325513 1521118773.289871923753665689
147 1521118773.289871923753665689 1521118773.289874457478005865
148 1521118773.289874457478005865 1521118773.289876991202346041
149 1521118773.289876991202346041 1521118773.289879524926686217
151 1521118773.289882058651026393 1521118773.289884592375366569
153 1521118773.289887126099706745 1521118773.289889659824046921
154 1521118773.289889659824046921 1521118773.289892193548387097
155 1521118773.289892193548387097 1521118773.289894727272727273
156 1521118773.289894727272727273 1521118773.289897260997067449
157 1521118773.289897260997067449 1521118773.289899794721407625
158 1521118773.289899794721407625 1521118773.289902328445747801
159 1521118773.289902328445747801 1521118773.289904862170087977
160 1521118773.289904862170087977 1521118773.289907395894428152
161 1521118773.289907395894428152 1521118773.289909929618768328
162 1521118773.289909929618768328 1521118773.289912463343108504
163 1521118773.289912463343108504 1521118773.289914997067448680
164 1521118773.289914997067448680 1521118773.289917530791788856
167 1521118773.289922598240469208 1521118773.289925131964809384
168 1521118773.289925131964809384 1521118773.289927665689149560
172 1521118773.289935266862170088 1521118773.289937800586510264
173 1521118773.289937800586510264 1521118773.289940334310850440
177 1521118773.289947935483870968 1521118773.289950469208211144
179 1521118773.289953002932551320 1521118773.289955536656891496
181 1521118773.289958070381231672 1521118773.289960604105571848
182 1521118773.289960604105571848 1521118773.289963137829912023
183 1521118773.289963137829912023 1521118773.289965671554252199
184 1521118773.289965671554252199 1521118773.289968205278592375
185 1521118773.289968205278592375 1521118773.289970739002932551
187 1521118773.289973272727272727 1521118773.289975806451612903
188 1521118773.289975806451612903 1521118773.289978340175953079
189 1521118773.289978340175953079 1521118773.289980873900293255
192 1521118773.289985941348973607 1521118773.289988475073313783
193 1521118773.289988475073313783 1521118773.289991008797653959
194 1521118773.289991008797653959 1521118773.289993542521994135
195 1521118773.289993542521994135 1521118773.289996076246334311
196 1521118773.289996076246334311 1521118773.289998609970674487
197 1521118773.289998609970674487 1521118773.290001143695014663
198 1521118773.290001143695014663 1521118773.290003677419354839
199 1521118773.290003677419354839 1521118773.290006211143695015
201 1521118773.290008744868035191 1521118773.290011278592375367
203 1521118773.290013812316715543 1521118773.290016346041055718
204 1521118773.290016346041055718 1521118773.290018879765395894
205 1521118773.290018879765395894 1521118773.290021413489736070
209 1521118773.290029014662756598 1521118773.290031548387096774
210 1521118773.290031548387096774 1521118773.290034082111436950
220 1521118773.290056885630498534 1521118773.290059419354838710
223 1521118773.290064486803519062 1521118773.290067020527859238
226 1521118773.290072087976539589 1521118773.290074621700879765
227 1521118773.290074621700879765 1521118773.290077155425219941
231 1521118773.290084756598240469 1521118773.290087290322580645
235 1521118773.290094891495601173 1521118773.290097425219941349
236 1521118773.290097425219941349 1521118773.290099958944281525
237 1521118773.290099958944281525 1521118773.290102492668621701
238 1521118773.290102492668621701 1521118773.290105026392961877
239 1521118773.290105026392961877 1521118773.290107560117302053
240 1521118773.290107560117302053 1521118773.290110093841642229
241 1521118773.290110093841642229 1521118773.290112627565982405
243 1521118773.290115161290322581 1521118773.290117695014662757
246 1521118773.290122762463343109 1521118773.290125296187683284
247 1521118773.290125296187683284 1521118773.290127829912023460
248 1521118773.290127829912023460 1521118773.290130363636363636
250 1521118773.290132897360703812 1521118773.290135431085043988
255 1521118773.290145565982404692 1521118773.290148099706744868
256 1521118773.290148099706744868 1521118773.290150633431085044
260 1521118773.290158234604105572 1521118773.290160768328445748
263 1521118773.290165835777126100 1521118773.290168369501466276
264 1521118773.290168369501466276 1521118773.290170903225806452
265 1521118773.290170903225806452 1521118773.290173436950146628
267 1521118773.290175970674486804 1521118773.290178504398826979
268 1521118773.290178504398826979 1521118773.290181038123167155
269 1521118773.290181038123167155 1521118773.290183571847507331
273 1521118773.290191173020527859 1521118773.290193706744868035
275 1521118773.290196240469208211 1521118773.290198774193548387
276 1521118773.290198774193548387 1521118773.290201307917888563
277 1521118773.290201307917888563 1521118773.290203841642228739
278 1521118773.290203841642228739 1521118773.290206375366568915
281 1521118773.290211442815249267 1521118773.290213976539589443
283 1521118773.290216510263929619 1521118773.290219043988269795
284 1521118773.290219043988269795 1521118773.290221577712609971
287 1521118773.290226645161290323 1521118773.290229178885630499
289 1521118773.290231712609970674 1521118773.290234246334310850
291 1521118773.290236780058651026 1521118773.290239313782991202
294 1521118773.290244381231671554 1521118773.290246914956011730
296 1521118773.290249448680351906 1521118773.290251982404692082
299 1521118773.290257049853372434 1521118773.290259583577712610
304 1521118773.290269718475073314 1521118773.290272252199413490
305 1521118773.290272252199413490 1521118773.290274785923753666
307 1521118773.290277319648093842 1521118773.290279853372434018
309 1521118773.290282387096774194 1521118773.290284920821114370
310 1521118773.290284920821114370 1521118773.290287454545454545
312 1521118773.290289988269794721 1521118773.290292521994134897
313 1521118773.290292521994134897 1521118773.290295055718475073
315 1521118773.290297589442815249 1521118773.290300123167155425
316 1521118773.290300123167155425 1521118773.290302656891495601
318 1521118773.290305190615835777 1521118773.290307724340175953
319 1521118773.290307724340175953 1521118773.290310258064516129
320 1521118773.290310258064516129 1521118773.290312791788856305
321 1521118773.290312791788856305 1521118773.290315325513196481
322 1521118773.290315325513196481 1521118773.290317859237536657
323 1521118773.290317859237536657 1521118773.290320392961876833
326 1521118773.290325460410557185 1521118773.290327994134897361
329 1521118773.290333061583577713 1521118773.290335595307917889
330 1521118773.290335595307917889 1521118773.290338129032258065
331 1521118773.290338129032258065 1521118773.290340662756598240
335 1521118773.290348263929618768 1521118773.290350797653958944
338 1521118773.290355865102639296 1521118773.290358398826979472
340 1521118773.290360932551319648 1521118773.290363466275659824
341 1521118773.290363466275659824 1521118773.290366000000000000
344 1521118773.290371067448680352 1521118773.290373601173020528
345 1521118773.290373601173020528 1521118773.290376134897360704
348 1521118773.290381202346041056 1521118773.290383736070381232
349 1521118773.290383736070381232 1521118773.290386269794721408
350 1521118773.290386269794721408 1521118773.290388803519061584
352 1521118773.290391337243401760 1521118773.290393870967741935
353 1521118773.290393870967741935 1521118773.290396404692082111
354 1521118773.290396404692082111 1521118773.290398938416422287
357 1521118773.290404005865102639 1521118773.290406539589442815
362 1521118773.290416674486803519 1521118773.290419208211143695
363 1521118773.290419208211143695 1521118773.290421741935483871
364 1521118773.290421741935483871 1521118773.290424275659824047
365 1521118773.290424275659824047 1521118773.290426809384164223
366 1521118773.290426809384164223 1521118773.290429343108504399
367 1521118773.290429343108504399 1521118773.290431876832844575
368 1521118773.290431876832844575 1521118773.290434410557184751
369 1521118773.290434410557184751 1521118773.290436944281524927
371 1521118773.290439478005865103 1521118773.290442011730205279
372 1521118773.290442011730205279 1521118773.290444545454545455
373 1521118773.290444545454545455 1521118773.290447079178885630
374 1521118773.290447079178885630 1521118773.290449612903225806
375 1521118773.290449612903225806 1521118773.290452146627565982
376 1521118773.290452146627565982 1521118773.290454680351906158
377 1521118773.290454680351906158 1521118773.290457214076246334
379 1521118773.290459747800586510 1521118773.290462281524926686
380 1521118773.290462281524926686 1521118773.290464815249266862
381 1521118773.290464815249266862 1521118773.290467348973607038
382 1521118773.290467348973607038 1521118773.290469882697947214
383 1521118773.290469882697947214 1521118773.290472416422287390
384 1521118773.290472416422287390 1521118773.290474950146627566
385 1521118773.290474950146627566 1521118773.290477483870967742
386 1521118773.290477483870967742 1521118773.290480017595307918
387 1521118773.290480017595307918 1521118773.290482551319648094
389 1521118773.290485085043988270 1521118773.290487618768328446
397 1521118773.290505354838709677 1521118773.290507888563049853
398 1521118773.290507888563049853 1521118773.290510422287390029
401 1521118773.290515489736070381 1521118773.290518023460410557
402 1521118773.290518023460410557 1521118773.290520557184750733
406 1521118773.290528158357771261 1521118773.290530692082111437
407 1521118773.290530692082111437 1521118773.290533225806451613
411 1521118773.290540826979472141 1521118773.290543360703812317
412 1521118773.290543360703812317 1521118773.290545894428152493
413 1521118773.290545894428152493 1521118773.290548428152492669
414 1521118773.290548428152492669 1521118773.290550961876832845
420 1521118773.290563630498533724 1521118773.290566164222873900
422 1521118773.290568697947214076 1521118773.290571231671554252
423 1521118773.290571231671554252 1521118773.290573765395894428
425 1521118773.290576299120234604 1521118773.290578832844574780
426 1521118773.290578832844574780 1521118773.290581366568914956
427 1521118773.290581366568914956 1521118773.290583900293255132
429 1521118773.290586434017595308 1521118773.290588967741935484
431 1521118773.290591501466275660 1521118773.290594035190615836
432 1521118773.290594035190615836 1521118773.290596568914956012
435 1521118773.290601636363636364 1521118773.290604170087976540
436 1521118773.290604170087976540 1521118773.290606703812316716
440 1521118773.290614304985337243 1521118773.290616838709677419
442 1521118773.290619372434017595 1521118773.290621906158357771
443 1521118773.290621906158357771 1521118773.290624439882697947
447 1521118773.290632041055718475 1521118773.290634574780058651
448 1521118773.290634574780058651 1521118773.290637108504398827
449 1521118773.290637108504398827 1521118773.290639642228739003
451 1521118773.290642175953079179 1521118773.290644709677419355
453 1521118773.290647243401759531 1521118773.290649777126099707
457 1521118773.290657378299120235 1521118773.290659912023460411
458 1521118773.290659912023460411 1521118773.290662445747800587
459 1521118773.290662445747800587 1521118773.290664979472140762
460 1521118773.290664979472140762 1521118773.290667513196480938
461 1521118773.290667513196480938 1521118773.290670046920821114
462 1521118773.290670046920821114 1521118773.290672580645161290
463 1521118773.290672580645161290 1521118773.290675114369501466
464 1521118773.290675114369501466 1521118773.290677648093841642
465 1521118773.290677648093841642 1521118773.290680181818181818
466 1521118773.290680181818181818 1521118773.290682715542521994
469 1521118773.290687782991202346 1521118773.290690316715542522
470 1521118773.290690316715542522 1521118773.290692850439882698
471 1521118773.290692850439882698 1521118773.290695384164222874
472 1521118773.290695384164222874 1521118773.290697917888563050
473 1521118773.290697917888563050 1521118773.290700451612903226
474 1521118773.290700451612903226 1521118773.290702985337243402
475 1521118773.290702985337243402 1521118773.290705519061583578
476 1521118773.290705519061583578 1521118773.290708052785923754
477 1521118773.290708052785923754 1521118773.290710586510263930
479 1521118773.290713120234604106 1521118773.290715653958944282
480 1521118773.290715653958944282 1521118773.290718187683284457
481 1521118773.290718187683284457 1521118773.290720721407624633
482 1521118773.290720721407624633 1521118773.290723255131964809
483 1521118773.290723255131964809 1521118773.290725788856304985
485 1521118773.290728322580645161 1521118773.290730856304985337
486 1521118773.290730856304985337 1521118773.290733390029325513
488 1521118773.290735923753665689 1521118773.290738457478005865
489 1521118773.290738457478005865 1521118773.290740991202346041
490 1521118773.290740991202346041 1521118773.290743524926686217
491 1521118773.290743524926686217 1521118773.290746058651026393
493 1521118773.290748592375366569 1521118773.290751126099706745
494 1521118773.290751126099706745 1521118773.290753659824046921
495 1521118773.290753659824046921 1521118773.290756193548387097
504 1521118773.290776463343108504 1521118773.290778997067448680
505 1521118773.290778997067448680 1521118773.290781530791788856
506 1521118773.290781530791788856 1521118773.290784064516129032
507 1521118773.290784064516129032 1521118773.290786598240469208
509 1521118773.290789131964809384 1521118773.290791665689149560
511 1521118773.290794199413489736 1521118773.290796733137829912
516 1521118773.290806868035190616 1521118773.290809401759530792
517 1521118773.290809401759530792 1521118773.290811935483870968
518 1521118773.290811935483870968 1521118773.290814469208211144
522 1521118773.290822070381231672 1521118773.290824604105571848
523 1521118773.290824604105571848 1521118773.290827137829912023
528 1521118773.290837272727272727 1521118773.290839806451612903
529 1521118773.290839806451612903 1521118773.290842340175953079
530 1521118773.290842340175953079 1521118773.290844873900293255
537 1521118773.290860076246334311 1521118773.290862609970674487
538 1521118773.290862609970674487 1521118773.290865143695014663
539 1521118773.290865143695014663 1521118773.290867677419354839
540 1521118773.290867677419354839 1521118773.290870211143695015
541 1521118773.290870211143695015 1521118773.290872744868035191
542 1521118773.290872744868035191 1521118773.290875278592375367
543 1521118773.290875278592375367 1521118773.290877812316715543
544 1521118773.290877812316715543 1521118773.290880346041055718
545 1521118773.290880346041055718 1521118773.290882879765395894
547 1521118773.290885413489736070 1521118773.290887947214076246
548 1521118773.290887947214076246 1521118773.290890480938416422
550 1521118773.290893014662756598 1521118773.290895548387096774
551 1521118773.290895548387096774 1521118773.290898082111436950
552 1521118773.290898082111436950 1521118773.290900615835777126
554 1521118773.290903149560117302 1521118773.290905683284457478
555 1521118773.290905683284457478 1521118773.290908217008797654
556 1521118773.290908217008797654 1521118773.290910750733137830
557 1521118773.290910750733137830 1521118773.290913284457478006
558 1521118773.290913284457478006 1521118773.290915818181818182
561 1521118773.290920885630498534 1521118773.290923419354838710
562 1521118773.290923419354838710 1521118773.290925953079178886
564 1521118773.290928486803519062 1521118773.290931020527859238
567 1521118773.290936087976539589 1521118773.290938621700879765
568 1521118773.290938621700879765 1521118773.290941155425219941
569 1521118773.290941155425219941 1521118773.290943689149560117
570 1521118773.290943689149560117 1521118773.290946222873900293
571 1521118773.290946222873900293 1521118773.290948756598240469
572 1521118773.290948756598240469 1521118773.290951290322580645
573 1521118773.290951290322580645 1521118773.290953824046920821
575 1521118773.290956357771260997 1521118773.290958891495601173
577 1521118773.290961425219941349 1521118773.290963958944281525
578 1521118773.290963958944281525 1521118773.290966492668621701
579 1521118773.290966492668621701 1521118773.290969026392961877
580 1521118773.290969026392961877 1521118773.290971560117302053
581 1521118773.290971560117302053 1521118773.290974093841642229
582 1521118773.290974093841642229 1521118773.290976627565982405
583 1521118773.290976627565982405 1521118773.290979161290322581
585 1521118773.290981695014662757 1521118773.290984228739002933
586 1521118773.290984228739002933 1521118773.290986762463343109
587 1521118773.290986762463343109 1521118773.290989296187683284
588 1521118773.290989296187683284 1521118773.290991829912023460
589 1521118773.290991829912023460 1521118773.290994363636363636
590 1521118773.290994363636363636 1521118773.290996897360703812
593 1521118773.291001964809384164 1521118773.291004498533724340
594 1521118773.291004498533724340 1521118773.291007032258064516
595 1521118773.291007032258064516 1521118773.291009565982404692
599 1521118773.291017167155425220 1521118773.291019700879765396
602 1521118773.291024768328445748 1521118773.291027302052785924
604 1521118773.291029835777126100 1521118773.291032369501466276
605 1521118773.291032369501466276 1521118773.291034903225806452
606 1521118773.291034903225806452 1521118773.291037436950146628
607 1521118773.291037436950146628 1521118773.291039970674486804
608 1521118773.291039970674486804 1521118773.291042504398826979
610 1521118773.291045038123167155 1521118773.291047571847507331
611 1521118773.291047571847507331 1521118773.291050105571847507
612 1521118773.291050105571847507 1521118773.291052639296187683
615 1521118773.291057706744868035 1521118773.291060240469208211
616 1521118773.291060240469208211 1521118773.291062774193548387
617 1521118773.291062774193548387 1521118773.291065307917888563
618 1521118773.291065307917888563 1521118773.291067841642228739
619 1521118773.291067841642228739 1521118773.291070375366568915
620 1521118773.291070375366568915 1521118773.291072909090909091
621 1521118773.291072909090909091 1521118773.291075442815249267
622 1521118773.291075442815249267 1521118773.291077976539589443
623 1521118773.291077976539589443 1521118773.291080510263929619
624 1521118773.291080510263929619 1521118773.291083043988269795
625 1521118773.291083043988269795 1521118773.291085577712609971
626 1521118773.291085577712609971 1521118773.291088111436950147
627 1521118773.291088111436950147 1521118773.291090645161290323
628 1521118773.291090645161290323 1521118773.291093178885630499
629 1521118773.291093178885630499 1521118773.291095712609970674
631 1521118773.291098246334310850 1521118773.291100780058651026
632 1521118773.291100780058651026 1521118773.291103313782991202
633 1521118773.291103313782991202 1521118773.291105847507331378
635 1521118773.291108381231671554 1521118773.291110914956011730
637 1521118773.291113448680351906 1521118773.291115982404692082
638 1521118773.291115982404692082 1521118773.291118516129032258
639 1521118773.291118516129032258 1521118773.291121049853372434
641 1521118773.291123583577712610 1521118773.291126117302052786
642 1521118773.291126117302052786 1521118773.291128651026392962
645 1521118773.291133718475073314 1521118773.291136252199413490
646 1521118773.291136252199413490 1521118773.291138785923753666
648 1521118773.291141319648093842 1521118773.291143853372434018
649 1521118773.291143853372434018 1521118773.291146387096774194
651 1521118773.291148920821114370 1521118773.291151454545454545
652 1521118773.291151454545454545 1521118773.291153988269794721
653 1521118773.291153988269794721 1521118773.291156521994134897
654 1521118773.291156521994134897 1521118773.291159055718475073
655 1521118773.291159055718475073 1521118773.291161589442815249
656 1521118773.291161589442815249 1521118773.291164123167155425
657 1521118773.291164123167155425 1521118773.291166656891495601
658 1521118773.291166656891495601 1521118773.291169190615835777
659 1521118773.291169190615835777 1521118773.291171724340175953
660 1521118773.291171724340175953 1521118773.291174258064516129
661 1521118773.291174258064516129 1521118773.291176791788856305
662 1521118773.291176791788856305 1521118773.291179325513196481
663 1521118773.291179325513196481 1521118773.291181859237536657
664 1521118773.291181859237536657 1521118773.291184392961876833
665 1521118773.291184392961876833 1521118773.291186926686217009
666 1521118773.291186926686217009 1521118773.291189460410557185
667 1521118773.291189460410557185 1521118773.291191994134897361
669 1521118773.291194527859237537 1521118773.291197061583577713
670 1521118773.291197061583577713 1521118773.291199595307917889
672 1521118773.291202129032258065 1521118773.291204662756598240
673 1521118773.291204662756598240 1521118773.291207196480938416
674 1521118773.291207196480938416 1521118773.291209730205278592
675 1521118773.291209730205278592 1521118773.291212263929618768
676 1521118773.291212263929618768 1521118773.291214797653958944
678 1521118773.291217331378299120 1521118773.291219865102639296
679 1521118773.291219865102639296 1521118773.291222398826979472
680 1521118773.291222398826979472 1521118773.291224932551319648
681 1521118773.291224932551319648 1521118773.291227466275659824
682 1521118773.291227466275659824 1521118773.291230000000000000
683 1521118773.291230000000000000 1521118773.291232533724340176
684 1521118773.291232533724340176 1521118773.291235067448680352
685 1521118773.291235067448680352 1521118773.291237601173020528
686 1521118773.291237601173020528 1521118773.291240134897360704
687 1521118773.291240134897360704 1521118773.291242668621700880
688 1521118773.291242668621700880 1521118773.291245202346041056
690 1521118773.291247736070381232 1521118773.291250269794721408
691 1521118773.291250269794721408 1521118773.291252803519061584
692 1521118773.291252803519061584 1521118773.291255337243401760
693 1521118773.291255337243401760 1521118773.291257870967741935
695 1521118773.291260404692082111 1521118773.291262938416422287
696 1521118773.291262938416422287 1521118773.291265472140762463
697 1521118773.291265472140762463 1521118773.291268005865102639
698 1521118773.291268005865102639 1521118773.291270539589442815
701 1521118773.291275607038123167 1521118773.291278140762463343
702 1521118773.291278140762463343 1521118773.291280674486803519
703 1521118773.291280674486803519 1521118773.291283208211143695
704 1521118773.291283208211143695 1521118773.291285741935483871
705 1521118773.291285741935483871 1521118773.291288275659824047
706 1521118773.291288275659824047 1521118773.291290809384164223
708 1521118773.291293343108504399 1521118773.291295876832844575
711 1521118773.291300944281524927 1521118773.291303478005865103
713 1521118773.291306011730205279 1521118773.291308545454545455
715 1521118773.291311079178885630 1521118773.291313612903225806
716 1521118773.291313612903225806 1521118773.291316146627565982
717 1521118773.291316146627565982 1521118773.291318680351906158
721 1521118773.291326281524926686 1521118773.291328815249266862
723 1521118773.291331348973607038 1521118773.291333882697947214
728 1521118773.291344017595307918 1521118773.291346551319648094
730 1521118773.291349085043988270 1521118773.291351618768328446
732 1521118773.291354152492668622 1521118773.291356686217008798
736 1521118773.291364287390029326 1521118773.291366821114369501
737 1521118773.291366821114369501 1521118773.291369354838709677
738 1521118773.291369354838709677 1521118773.291371888563049853
739 1521118773.291371888563049853 1521118773.291374422287390029
742 1521118773.291379489736070381 1521118773.291382023460410557
744 1521118773.291384557184750733 1521118773.291387090909090909
745 1521118773.291387090909090909 1521118773.291389624633431085
746 1521118773.291389624633431085 1521118773.291392158357771261
747 1521118773.291392158357771261 1521118773.291394692082111437
748 1521118773.291394692082111437 1521118773.291397225806451613
749 1521118773.291397225806451613 1521118773.291399759530791789
751 1521118773.291402293255131965 1521118773.291404826979472141
753 1521118773.291407360703812317 1521118773.291409894428152493
754 1521118773.291409894428152493 1521118773.291412428152492669
755 1521118773.291412428152492669 1521118773.291414961876832845
758 1521118773.291420029325513196 1521118773.291422563049853372
759 1521118773.291422563049853372 1521118773.291425096774193548
760 1521118773.291425096774193548 1521118773.291427630498533724
761 1521118773.291427630498533724 1521118773.291430164222873900
762 1521118773.291430164222873900 1521118773.291432697947214076
763 1521118773.291432697947214076 1521118773.291435231671554252
765 1521118773.291437765395894428 1521118773.291440299120234604
766 1521118773.291440299120234604 1521118773.291442832844574780
768 1521118773.291445366568914956 1521118773.291447900293255132
771 1521118773.291452967741935484 1521118773.291455501466275660
772 1521118773.291455501466275660 1521118773.291458035190615836
777 1521118773.291468170087976540 1521118773.291470703812316716
778 1521118773.291470703812316716 1521118773.291473237536656891
781 1521118773.291478304985337243 1521118773.291480838709677419
783 1521118773.291483372434017595 1521118773.291485906158357771
784 1521118773.291485906158357771 1521118773.291488439882697947
785 1521118773.291488439882697947 1521118773.291490973607038123
786 1521118773.291490973607038123 1521118773.291493507331378299
792 1521118773.291506175953079179 1521118773.291508709677419355
793 1521118773.291508709677419355 1521118773.291511243401759531
795 1521118773.291513777126099707 1521118773.291516310850439883
798 1521118773.291521378299120235 1521118773.291523912023460411
800 1521118773.291526445747800587 1521118773.291528979472140762
801 1521118773.291528979472140762 1521118773.291531513196480938
802 1521118773.291531513196480938 1521118773.291534046920821114
803 1521118773.291534046920821114 1521118773.291536580645161290
804 1521118773.291536580645161290 1521118773.291539114369501466
805 1521118773.291539114369501466 1521118773.291541648093841642
808 1521118773.291546715542521994 1521118773.291549249266862170
809 1521118773.291549249266862170 1521118773.291551782991202346
810 1521118773.291551782991202346 1521118773.291554316715542522
811 1521118773.291554316715542522 1521118773.291556850439882698
812 1521118773.291556850439882698 1521118773.291559384164222874
818 1521118773.291572052785923754 1521118773.291574586510263930
819 1521118773.291574586510263930 1521118773.291577120234604106
820 1521118773.291577120234604106 1521118773.291579653958944282
821 1521118773.291579653958944282 1521118773.291582187683284457
823 1521118773.291584721407624633 1521118773.291587255131964809
824 1521118773.291587255131964809 1521118773.291589788856304985
825 1521118773.291589788856304985 1521118773.291592322580645161
827 1521118773.291594856304985337 1521118773.291597390029325513
828 1521118773.291597390029325513 1521118773.291599923753665689
831 1521118773.291604991202346041 1521118773.291607524926686217
833 1521118773.291610058651026393 1521118773.291612592375366569
834 1521118773.291612592375366569 1521118773.291615126099706745
835 1521118773.291615126099706745 1521118773.291617659824046921
836 1521118773.291617659824046921 1521118773.291620193548387097
837 1521118773.291620193548387097 1521118773.291622727272727273
838 1521118773.291622727272727273 1521118773.291625260997067449
841 1521118773.291630328445747801 1521118773.291632862170087977
843 1521118773.291635395894428152 1521118773.291637929618768328
844 1521118773.291637929618768328 1521118773.291640463343108504
845 1521118773.291640463343108504 1521118773.291642997067448680
846 1521118773.291642997067448680 1521118773.291645530791788856
848 1521118773.291648064516129032 1521118773.291650598240469208
849 1521118773.291650598240469208 1521118773.291653131964809384
850 1521118773.291653131964809384 1521118773.291655665689149560
853 1521118773.291660733137829912 1521118773.291663266862170088
856 1521118773.291668334310850440 1521118773.291670868035190616
857 1521118773.291670868035190616 1521118773.291673401759530792
858 1521118773.291673401759530792 1521118773.291675935483870968
859 1521118773.291675935483870968 1521118773.291678469208211144
861 1521118773.291681002932551320 1521118773.291683536656891496
862 1521118773.291683536656891496 1521118773.291686070381231672
863 1521118773.291686070381231672 1521118773.291688604105571848
865 1521118773.291691137829912023 1521118773.291693671554252199
867 1521118773.291696205278592375 1521118773.291698739002932551
868 1521118773.291698739002932551 1521118773.291701272727272727
869 1521118773.291701272727272727 1521118773.291703806451612903
870 1521118773.291703806451612903 1521118773.291706340175953079
871 1521118773.291706340175953079 1521118773.291708873900293255
874 1521118773.291713941348973607 1521118773.291716475073313783
875 1521118773.291716475073313783 1521118773.291719008797653959
876 1521118773.291719008797653959 1521118773.291721542521994135
880 1521118773.291729143695014663 1521118773.291731677419354839
881 1521118773.291731677419354839 1521118773.291734211143695015
882 1521118773.291734211143695015 1521118773.291736744868035191
884 1521118773.291739278592375367 1521118773.291741812316715543
886 1521118773.291744346041055718 1521118773.291746879765395894
887 1521118773.291746879765395894 1521118773.291749413489736070
888 1521118773.291749413489736070 1521118773.291751947214076246
889 1521118773.291751947214076246 1521118773.291754480938416422
890 1521118773.291754480938416422 1521118773.291757014662756598
891 1521118773.291757014662756598 1521118773.291759548387096774
894 1521118773.291764615835777126 1521118773.291767149560117302
895 1521118773.291767149560117302 1521118773.291769683284457478
896 1521118773.291769683284457478 1521118773.291772217008797654
897 1521118773.291772217008797654 1521118773.291774750733137830
900 1521118773.291779818181818182 1521118773.291782351906158358
901 1521118773.291782351906158358 1521118773.291784885630498534
902 1521118773.291784885630498534 1521118773.291787419354838710
903 1521118773.291787419354838710 1521118773.291789953079178886
904 1521118773.291789953079178886 1521118773.291792486803519062
905 1521118773.291792486803519062 1521118773.291795020527859238
906 1521118773.291795020527859238 1521118773.291797554252199413
907 1521118773.291797554252199413 1521118773.291800087976539589
908 1521118773.291800087976539589 1521118773.291802621700879765
910 1521118773.291805155425219941 1521118773.291807689149560117
911 1521118773.291807689149560117 1521118773.291810222873900293
912 1521118773.291810222873900293 1521118773.291812756598240469
913 1521118773.291812756598240469 1521118773.291815290322580645
915 1521118773.291817824046920821 1521118773.291820357771260997
916 1521118773.291820357771260997 1521118773.291822891495601173
917 1521118773.291822891495601173 1521118773.291825425219941349
918 1521118773.291825425219941349 1521118773.291827958944281525
919 1521118773.291827958944281525 1521118773.291830492668621701
920 1521118773.291830492668621701 1521118773.291833026392961877
921 1521118773.291833026392961877 1521118773.291835560117302053
924 1521118773.291840627565982405 1521118773.291843161290322581
925 1521118773.291843161290322581 1521118773.291845695014662757
927 1521118773.291848228739002933 1521118773.291850762463343109
928 1521118773.291850762463343109 1521118773.291853296187683284
929 1521118773.291853296187683284 1521118773.291855829912023460
930 1521118773.291855829912023460 1521118773.291858363636363636
934 1521118773.291865964809384164 1521118773.291868498533724340
936 1521118773.291871032258064516 1521118773.291873565982404692
937 1521118773.291873565982404692 1521118773.291876099706744868
938 1521118773.291876099706744868 1521118773.291878633431085044
939 1521118773.291878633431085044 1521118773.291881167155425220
940 1521118773.291881167155425220 1521118773.291883700879765396
941 1521118773.291883700879765396 1521118773.291886234604105572
942 1521118773.291886234604105572 1521118773.291888768328445748
944 1521118773.291891302052785924 1521118773.291893835777126100
945 1521118773.291893835777126100 1521118773.291896369501466276
947 1521118773.291898903225806452 1521118773.291901436950146628
949 1521118773.291903970674486804 1521118773.291906504398826979
950 1521118773.291906504398826979 1521118773.291909038123167155
953 1521118773.291914105571847507 1521118773.291916639296187683
955 1521118773.291919173020527859 1521118773.291921706744868035
956 1521118773.291921706744868035 1521118773.291924240469208211
960 1521118773.291931841642228739 1521118773.291934375366568915
961 1521118773.291934375366568915 1521118773.291936909090909091
962 1521118773.291936909090909091 1521118773.291939442815249267
963 1521118773.291939442815249267 1521118773.291941976539589443
964 1521118773.291941976539589443 1521118773.291944510263929619
965 1521118773.291944510263929619 1521118773.291947043988269795
966 1521118773.291947043988269795 1521118773.291949577712609971
967 1521118773.291949577712609971 1521118773.291952111436950147
968 1521118773.291952111436950147 1521118773.291954645161290323
969 1521118773.291954645161290323 1521118773.291957178885630499
970 1521118773.291957178885630499 1521118773.291959712609970674
971 1521118773.291959712609970674 1521118773.291962246334310850
972 1521118773.291962246334310850 1521118773.291964780058651026
973 1521118773.291964780058651026 1521118773.291967313782991202
974 1521118773.291967313782991202 1521118773.291969847507331378
976 1521118773.291972381231671554 1521118773.291974914956011730
978 1521118773.291977448680351906 1521118773.291979982404692082
979 1521118773.291979982404692082 1521118773.291982516129032258
980 1521118773.291982516129032258 1521118773.291985049853372434
981 1521118773.291985049853372434 1521118773.291987583577712610
983 1521118773.291990117302052786 1521118773.291992651026392962
985 1521118773.291995184750733138 1521118773.291997718475073314
986 1521118773.291997718475073314 1521118773.292000252199413490
987 1521118773.292000252199413490 1521118773.292002785923753666
988 1521118773.292002785923753666 1521118773.292005319648093842
989 1521118773.292005319648093842 1521118773.292007853372434018
991 1521118773.292010387096774194 1521118773.292012920821114370
992 1521118773.292012920821114370 1521118773.292015454545454545
993 1521118773.292015454545454545 1521118773.292017988269794721
994 1521118773.292017988269794721 1521118773.292020521994134897
995 1521118773.292020521994134897 1521118773.292023055718475073
996 1521118773.292023055718475073 1521118773.292025589442815249
998 1521118773.292028123167155425 1521118773.292030656891495601
999 1521118773.292030656891495601 1521118773.292033190615835777
1000 1521118773.292033190615835777 1521118773.292035724340175953
1001 1521118773.292035724340175953 1521118773.292038258064516129
1002 1521118773.292038258064516129 1521118773.292040791788856305
1003 1521118773.292040791788856305 1521118773.292043325513196481
1004 1521118773.292043325513196481 1521118773.292045859237536657
1005 1521118773.292045859237536657 1521118773.292048392961876833
1006 1521118773.292048392961876833 1521118773.292050926686217009
1007 1521118773.292050926686217009 1521118773.292053460410557185
1008 1521118773.292053460410557185 1521118773.292055994134897361
1010 1521118773.292058527859237537 1521118773.292061061583577713
1012 1521118773.292063595307917889 1521118773.292066129032258065
1013 1521118773.292066129032258065 1521118773.292068662756598240
1014 1521118773.292068662756598240 1521118773.292071196480938416
1015 1521118773.292071196480938416 1521118773.292073730205278592
1017 1521118773.292076263929618768 1521118773.292078797653958944
1018 1521118773.292078797653958944 1521118773.292081331378299120
1019 1521118773.292081331378299120 1521118773.292083865102639296
1020 1521118773.292083865102639296 1521118773.292086398826979472
1021 1521118773.292086398826979472 1521118773.292088932551319648
1022 1521118773.292088932551319648 1521118773.292091466275659824
1023 1521118773.292091466275659824 1521118773.292094000000000000
