1 2048
2 57344
3 51204
4 16393
5 51209
6 36874
7 18444
8 47115
9 61456
10 40981
11 22
12 23
13 61464
14 25
15 26652
16 49184
17 22568
18 38957
19 63535
20 59439
21 30772
22 53
23 26680
24 61502
25 49217
26 49220
27 4165
28 53318
29 41031
30 51274
31 16462
32 80
33 12370
34 61523
35 28769
36 53351
37 4204
38 14446
39 14452
40 18550
41 2167
42 55416
43 41079
44 32890
45 123
46 49276
47 49285
48 34953
49 55434
50 45200
51 53393
52 57491
53 51354
54 10394
55 32926
56 55463
57 51372
58 53421
59 49330
60 43197
61 55489
62 35010
63 55500
64 51405
65 51411
66 49363
67 4311
68 12506
69 49381
70 47337
71 57577
72 37101
73 59630
74 45296
75 51448
76 57602
77 14595
78 61702
79 55564
80 49422
81 14619
82 59675
83 43298
84 39207
85 39213
86 26927
87 59697
88 28982
89 55626
90 6480
91 55632
92 61778
93 43347
94 57682
95 16729
96 35163
97 53599
98 51553
99 26978
100 53615
101 43376
102 49526
103 4472
104 47481
105 55674
106 4475
107 49530
108 27011
109 389
110 27015
111 61834
112 39307
113 31123
114 4500
115 63892
116 43414
117 2463
118 55712
119 45474
120 57762
121 45479
122 6568
123 16811
124 27054
125 49585
126 27058
127 51637
128 443
129 445
130 35262
131 41412
132 51652
133 4554
134 49613
135 2515
136 33240
137 61913
138 8666
139 2544
140 31218
141 49653
142 47608
143 61945
144 49676
145 55821
146 49682
147 10784
148 27171
149 45610
150 49715
151 64052
152 35384
153 35386
154 37435
155 49728
156 45658
157 49758
158 59999
159 45664
160 8801
161 49761
162 33378
163 60000
164 27230
165 6756
166 23144
167 43629
168 8813
169 45682
170 49785
171 27261
172 60032
173 49793
174 27266
175 27267
176 8836
177 41605
178 10886
179 62089
180 49803
181 12942
182 37529
183 33435
184 55963
185 12963
186 33450
187 41645
188 64174
189 39605
190 47799
191 43705
192 19134
193 58048
194 8899
195 8902
196 49866
197 41676
198 45775
199 47827
200 62165
201 51929
202 41696
203 6881
204 6882
205 6884
206 53988
207 49894
208 33513
209 35576
210 11002
211 39675
212 60169
213 62218
214 4877
215 49943
216 51991
217 33562
218 43810
219 54050
220 8999
221 27432
222 808
223 2858
224 64299
225 9001
226 49980
227 25408
228 58177
229 21320
230 35657
231 13133
232 9042
233 56147
234 9043
235 27478
236 43866
237 54110
238 7008
239 21345
240 7014
241 62310
242 60262
243 37739
244 45936
245 52082
246 25461
247 64379
248 48008
249 25482
250 52112
251 2970
252 60315
253 64411
254 21406
255 54174
256 25504
257 33700
258 52139
259 43951
260 60338
261 46008
262 54200
263 52154
264 60345
265 21434
266 54205
267 7100
268 37830
269 52167
270 3015
271 41932
272 17364
273 46045
274 62430
275 62429
276 62432
277 56293
278 52213
279 64511
280 1024
281 9217
282 60423
283 11271
284 1033
285 21519
286 11281
287 1044
288 50198
289 50206
290 11295
291 58399
292 13349
293 58410
294 1066
295 52268
296 37942
297 1081
298 1085
299 50240
300 27713
301 7239
302 52296
303 1104
304 50259
305 44117
306 9309
307 64606
308 44128
309 64610
310 50275
311 5222
312 1126
313 5223
314 13417
315 29802
316 52332
317 15470
318 58481
319 60529
320 25718
321 9339
322 50300
323 33916
324 56446
325 50308
326 52356
327 52358
328 64644
329 50311
330 52363
331 31886
332 35983
333 38032
334 50321
335 54425
336 50337
337 31910
338 27826
339 60598
340 50364
341 23756
342 60623
343 19664
344 27868
345 31972
346 50405
347 3302
348 64744
349 34033
350 50418
351 56563
352 40195
353 25861
354 48392
355 52489
356 48394
357 9482
358 25868
359 56589
360 40210
361 48406
362 46359
363 25890
364 50471
365 52524
366 44336
367 15672
368 58680
369 48444
370 32061
371 3390
372 3389
373 58684
374 32065
375 34115
376 64843
377 56653
378 58704
379 46423
380 48472
381 40281
382 50520
383 46430
384 58718
385 32100
386 38246
387 30058
388 36204
389 23919
390 40304
391 58743
392 54647
393 62839
394 52599
395 50555
396 60799
397 56705
398 1412
399 30086
400 50566
401 5512
402 13709
403 38289
404 32147
405 48536
406 1433
407 46489
408 44441
409 11678
410 11682
411 58790
412 62889
413 3498
414 34225
415 44467
416 28085
417 56761
418 58815
419 5573
420 1485
421 32210
422 26078
423 50657
424 60899
425 28142
426 54771
427 34294
428 52727
429 65016
430 42488
431 46592
432 38403
433 7684
434 11792
435 32276
436 1556
437 58902
438 1558
439 42521
440 1565
441 30242
442 28195
443 50726
444 50731
445 52783
446 20016
447 1583
448 36403
449 40500
450 22082
451 32323
452 42564
453 28232
454 46665
455 46668
456 46680
457 44638
458 24165
459 58986
460 36460
461 30318
462 5742
463 32368
464 50805
465 18039
466 11896
467 13948
468 54920
469 54926
470 26254
471 59024
472 26260
473 30363
474 20126
475 34466
476 40622
477 1721
478 9926
479 52934
480 1749
481 42711
482 42713
483 28377
484 28382
485 50923
486 1772
487 61168
488 48887
489 63225
490 59142
491 5900
492 28429
493 9998
494 55056
495 44817
496 59156
497 59166
498 40742
499 20268
500 5938
501 50996
502 63289
503 7994
504 28475
505 34622
506 51006
507 8000
508 63301
509 59206
510 48970
511 51021
512 42832
513 26461
514 51039
515 44896
516 34657
517 10086
518 40807
519 42867
520 51063
521 6008
522 51066
523 51067
524 30587
525 53118
526 26498
527 40835
528 44932
529 59266
530 49030
531 8080
532 8081
533 38802
534 57236
535 8085
536 10134
537 57245
538 1950
539 8101
540 59307
541 49068
542 28587
543 55216
544 63412
545 4020
546 12216
547 28601
548 65468
549 26561
550 53192
551 61384
552 30664
553 57292
554 26575
555 59346
556 4050
557 49108
558 26580
559 47062
560 47063
561 18410
562 59383
