1 443
2 80
3 44059
4 53
5 445
6 1485
7 51353
8 8080
9 5222
10 2515
11 33790
12 43438
13 123
14 25461
15 33630
16 8999
17 1024
18 25
19 35858
20 42382
21 9043
22 23
23 52525
24 6008
25 51763
26 37790
27 11891
28 52724
29 50308
30 9482
31 22
32 9339
33 7008
34 55862
35 51413
36 33098
37 41306
38 6881
39 8081
40 65046
41 3389
42 56572
43 34430
44 25565
45 45474
46 50064
47 42867
48 45200
49 23976
50 6468
51 34324
52 1935
53 47894
54 49793
55 993
56 37604
57 57023
58 3074
59 23088
60 45442
61 60080
62 37116
63 27446
64 9042
65 40500
66 62787
67 52099
68 51992
69 48898
70 49034
71 6770
72 137
73 41538
74 30705
75 46408
76 4500
77 63936
78 26514
79 1033
80 38356
81 54194
82 45410
83 49798
84 51346
85 63259
86 33164
87 46450
88 57396
89 60374
90 43088
91 37067
92 47968
93 35134
94 49700
95 42182
96 35547
97 36541
98 48050
99 51773
100 51171
101 61270
102 39436
103 37763
104 64772
105 56508
106 38862
107 57604
108 59618
109 56252
110 61456
111 50300
112 57743
113 36020
114 60529
115 29540
116 45048
117 46324
118 54981
119 55460
120 46057
121 61113
122 5600
123 49394
124 1138
125 40673
126 57555
127 64623
128 8180
129 35363
130 49894
131 64610
132 7079
133 54462
134 2001
135 49801
136 42068
137 47929
138 34493
139 26585
140 47244
141 49880
142 62100
143 36467
144 39322
145 51063
146 40952
147 16393
148 64110
149 56212
150 1253
151 55758
152 49430
153 35126
154 17449
155 35576
156 53760
157 40835
158 58390
159 52783
160 26548
161 53302
162 58351
163 27011
164 4455
165 58743
166 57275
167 47004
168 8000
169 48440
170 65368
171 27168
172 59213
173 50368
174 45296
175 14156
176 31222
177 51047
178 54541
179 51477
180 26709
181 34556
182 52209
183 48088
184 39893
185 51534
186 26636
187 50707
188 58233
189 49445
190 37022
191 50953
192 34914
193 49526
194 1749
195 4877
196 587
197 50248
198 5056
199 39542
200 63783
201 50205
202 21406
203 57069
204 38397
205 52474
206 9998
207 40178
208 26883
209 38445
210 23751
211 45044
212 58818
213 49653
214 41118
215 56415
216 41229
217 34056
218 56424
219 53421
220 52567
221 39213
222 64001
223 45842
224 59766
225 41423
226 54425
227 34047
228 38008
229 54304
230 54139
231 60991
232 50345
233 21469
234 17093
235 46617
236 2934
237 3478
238 51740
239 48910
240 65034
241 49803
242 60799
243 8196
244 1124
245 65422
246 5223
247 64176
248 31723
249 57287
250 57088
251 48602
252 2148
253 1066
254 61058
255 43300
256 48342
