1 1521118773.289502000000000000 1521118773.289512204724409449
2 1521118773.289512204724409449 1521118773.289522409448818898
3 1521118773.289522409448818898 1521118773.289532614173228346
4 1521118773.289532614173228346 1521118773.289542818897637795
5 1521118773.289542818897637795 1521118773.289553023622047244
6 1521118773.289553023622047244 1521118773.289563228346456693
7 1521118773.289563228346456693 1521118773.289573433070866142
8 1521118773.289573433070866142 1521118773.289583637795275591
10 1521118773.289593842519685039 1521118773.289604047244094488
11 1521118773.289604047244094488 1521118773.289614251968503937
12 1521118773.289614251968503937 1521118773.289624456692913386
13 1521118773.289624456692913386 1521118773.289634661417322835
14 1521118773.289634661417322835 1521118773.289644866141732283
15 1521118773.289644866141732283 1521118773.289655070866141732
16 1521118773.289655070866141732 1521118773.289665275590551181
17 1521118773.289665275590551181 1521118773.289675480314960630
18 1521118773.289675480314960630 1521118773.289685685039370079
19 1521118773.289685685039370079 1521118773.289695889763779528
20 1521118773.289695889763779528 1521118773.289706094488188976
21 1521118773.289706094488188976 1521118773.289716299212598425
22 1521118773.289716299212598425 1521118773.289726503937007874
23 1521118773.289726503937007874 1521118773.289736708661417323
24 1521118773.289736708661417323 1521118773.289746913385826772
25 1521118773.289746913385826772 1521118773.289757118110236220
26 1521118773.289757118110236220 1521118773.289767322834645669
27 1521118773.289767322834645669 1521118773.289777527559055118
28 1521118773.289777527559055118 1521118773.289787732283464567
29 1521118773.289787732283464567 1521118773.289797937007874016
30 1521118773.289797937007874016 1521118773.289808141732283465
31 1521118773.289808141732283465 1521118773.289818346456692913
32 1521118773.289818346456692913 1521118773.289828551181102362
33 1521118773.289828551181102362 1521118773.289838755905511811
34 1521118773.289838755905511811 1521118773.289848960629921260
35 1521118773.289848960629921260 1521118773.289859165354330709
36 1521118773.289859165354330709 1521118773.289869370078740157
37 1521118773.289869370078740157 1521118773.289879574803149606
38 1521118773.289879574803149606 1521118773.289889779527559055
39 1521118773.289889779527559055 1521118773.289899984251968504
40 1521118773.289899984251968504 1521118773.289910188976377953
41 1521118773.289910188976377953 1521118773.289920393700787402
42 1521118773.289920393700787402 1521118773.289930598425196850
43 1521118773.289930598425196850 1521118773.289940803149606299
44 1521118773.289940803149606299 1521118773.289951007874015748
45 1521118773.289951007874015748 1521118773.289961212598425197
46 1521118773.289961212598425197 1521118773.289971417322834646
47 1521118773.289971417322834646 1521118773.289981622047244094
48 1521118773.289981622047244094 1521118773.289991826771653543
49 1521118773.289991826771653543 1521118773.290002031496062992
50 1521118773.290002031496062992 1521118773.290012236220472441
51 1521118773.290012236220472441 1521118773.290022440944881890
53 1521118773.290032645669291339 1521118773.290042850393700787
55 1521118773.290053055118110236 1521118773.290063259842519685
56 1521118773.290063259842519685 1521118773.290073464566929134
57 1521118773.290073464566929134 1521118773.290083669291338583
58 1521118773.290083669291338583 1521118773.290093874015748031
59 1521118773.290093874015748031 1521118773.290104078740157480
60 1521118773.290104078740157480 1521118773.290114283464566929
61 1521118773.290114283464566929 1521118773.290124488188976378
62 1521118773.290124488188976378 1521118773.290134692913385827
63 1521118773.290134692913385827 1521118773.290144897637795276
64 1521118773.290144897637795276 1521118773.290155102362204724
65 1521118773.290155102362204724 1521118773.290165307086614173
66 1521118773.290165307086614173 1521118773.290175511811023622
67 1521118773.290175511811023622 1521118773.290185716535433071
68 1521118773.290185716535433071 1521118773.290195921259842520
69 1521118773.290195921259842520 1521118773.290206125984251969
70 1521118773.290206125984251969 1521118773.290216330708661417
71 1521118773.290216330708661417 1521118773.290226535433070866
72 1521118773.290226535433070866 1521118773.290236740157480315
73 1521118773.290236740157480315 1521118773.290246944881889764
74 1521118773.290246944881889764 1521118773.290257149606299213
75 1521118773.290257149606299213 1521118773.290267354330708661
76 1521118773.290267354330708661 1521118773.290277559055118110
77 1521118773.290277559055118110 1521118773.290287763779527559
78 1521118773.290287763779527559 1521118773.290297968503937008
79 1521118773.290297968503937008 1521118773.290308173228346457
80 1521118773.290308173228346457 1521118773.290318377952755906
81 1521118773.290318377952755906 1521118773.290328582677165354
82 1521118773.290328582677165354 1521118773.290338787401574803
83 1521118773.290338787401574803 1521118773.290348992125984252
84 1521118773.290348992125984252 1521118773.290359196850393701
85 1521118773.290359196850393701 1521118773.290369401574803150
86 1521118773.290369401574803150 1521118773.290379606299212598
87 1521118773.290379606299212598 1521118773.290389811023622047
88 1521118773.290389811023622047 1521118773.290400015748031496
89 1521118773.290400015748031496 1521118773.290410220472440945
90 1521118773.290410220472440945 1521118773.290420425196850394
91 1521118773.290420425196850394 1521118773.290430629921259843
92 1521118773.290430629921259843 1521118773.290440834645669291
93 1521118773.290440834645669291 1521118773.290451039370078740
94 1521118773.290451039370078740 1521118773.290461244094488189
95 1521118773.290461244094488189 1521118773.290471448818897638
96 1521118773.290471448818897638 1521118773.290481653543307087
97 1521118773.290481653543307087 1521118773.290491858267716535
99 1521118773.290502062992125984 1521118773.290512267716535433
100 1521118773.290512267716535433 1521118773.290522472440944882
101 1521118773.290522472440944882 1521118773.290532677165354331
102 1521118773.290532677165354331 1521118773.290542881889763780
103 1521118773.290542881889763780 1521118773.290553086614173228
105 1521118773.290563291338582677 1521118773.290573496062992126
106 1521118773.290573496062992126 1521118773.290583700787401575
107 1521118773.290583700787401575 1521118773.290593905511811024
108 1521118773.290593905511811024 1521118773.290604110236220472
109 1521118773.290604110236220472 1521118773.290614314960629921
110 1521118773.290614314960629921 1521118773.290624519685039370
111 1521118773.290624519685039370 1521118773.290634724409448819
112 1521118773.290634724409448819 1521118773.290644929133858268
113 1521118773.290644929133858268 1521118773.290655133858267717
114 1521118773.290655133858267717 1521118773.290665338582677165
115 1521118773.290665338582677165 1521118773.290675543307086614
116 1521118773.290675543307086614 1521118773.290685748031496063
117 1521118773.290685748031496063 1521118773.290695952755905512
118 1521118773.290695952755905512 1521118773.290706157480314961
119 1521118773.290706157480314961 1521118773.290716362204724409
120 1521118773.290716362204724409 1521118773.290726566929133858
121 1521118773.290726566929133858 1521118773.290736771653543307
122 1521118773.290736771653543307 1521118773.290746976377952756
123 1521118773.290746976377952756 1521118773.290757181102362205
126 1521118773.290777590551181102 1521118773.290787795275590551
127 1521118773.290787795275590551 1521118773.290798000000000000
128 1521118773.290798000000000000 1521118773.290808204724409449
129 1521118773.290808204724409449 1521118773.290818409448818898
130 1521118773.290818409448818898 1521118773.290828614173228346
132 1521118773.290838818897637795 1521118773.290849023622047244
134 1521118773.290859228346456693 1521118773.290869433070866142
135 1521118773.290869433070866142 1521118773.290879637795275591
136 1521118773.290879637795275591 1521118773.290889842519685039
137 1521118773.290889842519685039 1521118773.290900047244094488
138 1521118773.290900047244094488 1521118773.290910251968503937
139 1521118773.290910251968503937 1521118773.290920456692913386
140 1521118773.290920456692913386 1521118773.290930661417322835
141 1521118773.290930661417322835 1521118773.290940866141732283
142 1521118773.290940866141732283 1521118773.290951070866141732
143 1521118773.290951070866141732 1521118773.290961275590551181
144 1521118773.290961275590551181 1521118773.290971480314960630
145 1521118773.290971480314960630 1521118773.290981685039370079
146 1521118773.290981685039370079 1521118773.290991889763779528
147 1521118773.290991889763779528 1521118773.291002094488188976
148 1521118773.291002094488188976 1521118773.291012299212598425
149 1521118773.291012299212598425 1521118773.291022503937007874
150 1521118773.291022503937007874 1521118773.291032708661417323
151 1521118773.291032708661417323 1521118773.291042913385826772
152 1521118773.291042913385826772 1521118773.291053118110236220
153 1521118773.291053118110236220 1521118773.291063322834645669
154 1521118773.291063322834645669 1521118773.291073527559055118
155 1521118773.291073527559055118 1521118773.291083732283464567
156 1521118773.291083732283464567 1521118773.291093937007874016
157 1521118773.291093937007874016 1521118773.291104141732283465
158 1521118773.291104141732283465 1521118773.291114346456692913
159 1521118773.291114346456692913 1521118773.291124551181102362
160 1521118773.291124551181102362 1521118773.291134755905511811
161 1521118773.291134755905511811 1521118773.291144960629921260
162 1521118773.291144960629921260 1521118773.291155165354330709
163 1521118773.291155165354330709 1521118773.291165370078740157
164 1521118773.291165370078740157 1521118773.291175574803149606
165 1521118773.291175574803149606 1521118773.291185779527559055
166 1521118773.291185779527559055 1521118773.291195984251968504
167 1521118773.291195984251968504 1521118773.291206188976377953
168 1521118773.291206188976377953 1521118773.291216393700787402
169 1521118773.291216393700787402 1521118773.291226598425196850
170 1521118773.291226598425196850 1521118773.291236803149606299
171 1521118773.291236803149606299 1521118773.291247007874015748
172 1521118773.291247007874015748 1521118773.291257212598425197
173 1521118773.291257212598425197 1521118773.291267417322834646
174 1521118773.291267417322834646 1521118773.291277622047244094
175 1521118773.291277622047244094 1521118773.291287826771653543
176 1521118773.291287826771653543 1521118773.291298031496062992
177 1521118773.291298031496062992 1521118773.291308236220472441
178 1521118773.291308236220472441 1521118773.291318440944881890
179 1521118773.291318440944881890 1521118773.291328645669291339
180 1521118773.291328645669291339 1521118773.291338850393700787
181 1521118773.291338850393700787 1521118773.291349055118110236
182 1521118773.291349055118110236 1521118773.291359259842519685
183 1521118773.291359259842519685 1521118773.291369464566929134
184 1521118773.291369464566929134 1521118773.291379669291338583
185 1521118773.291379669291338583 1521118773.291389874015748031
186 1521118773.291389874015748031 1521118773.291400078740157480
187 1521118773.291400078740157480 1521118773.291410283464566929
188 1521118773.291410283464566929 1521118773.291420488188976378
189 1521118773.291420488188976378 1521118773.291430692913385827
190 1521118773.291430692913385827 1521118773.291440897637795276
191 1521118773.291440897637795276 1521118773.291451102362204724
192 1521118773.291451102362204724 1521118773.291461307086614173
193 1521118773.291461307086614173 1521118773.291471511811023622
194 1521118773.291471511811023622 1521118773.291481716535433071
195 1521118773.291481716535433071 1521118773.291491921259842520
196 1521118773.291491921259842520 1521118773.291502125984251969
197 1521118773.291502125984251969 1521118773.291512330708661417
198 1521118773.291512330708661417 1521118773.291522535433070866
199 1521118773.291522535433070866 1521118773.291532740157480315
200 1521118773.291532740157480315 1521118773.291542944881889764
201 1521118773.291542944881889764 1521118773.291553149606299213
202 1521118773.291553149606299213 1521118773.291563354330708661
204 1521118773.291573559055118110 1521118773.291583763779527559
205 1521118773.291583763779527559 1521118773.291593968503937008
206 1521118773.291593968503937008 1521118773.291604173228346457
207 1521118773.291604173228346457 1521118773.291614377952755906
208 1521118773.291614377952755906 1521118773.291624582677165354
209 1521118773.291624582677165354 1521118773.291634787401574803
210 1521118773.291634787401574803 1521118773.291644992125984252
211 1521118773.291644992125984252 1521118773.291655196850393701
212 1521118773.291655196850393701 1521118773.291665401574803150
213 1521118773.291665401574803150 1521118773.291675606299212598
214 1521118773.291675606299212598 1521118773.291685811023622047
215 1521118773.291685811023622047 1521118773.291696015748031496
216 1521118773.291696015748031496 1521118773.291706220472440945
217 1521118773.291706220472440945 1521118773.291716425196850394
218 1521118773.291716425196850394 1521118773.291726629921259843
219 1521118773.291726629921259843 1521118773.291736834645669291
220 1521118773.291736834645669291 1521118773.291747039370078740
221 1521118773.291747039370078740 1521118773.291757244094488189
222 1521118773.291757244094488189 1521118773.291767448818897638
223 1521118773.291767448818897638 1521118773.291777653543307087
224 1521118773.291777653543307087 1521118773.291787858267716535
225 1521118773.291787858267716535 1521118773.291798062992125984
226 1521118773.291798062992125984 1521118773.291808267716535433
227 1521118773.291808267716535433 1521118773.291818472440944882
228 1521118773.291818472440944882 1521118773.291828677165354331
229 1521118773.291828677165354331 1521118773.291838881889763780
230 1521118773.291838881889763780 1521118773.291849086614173228
231 1521118773.291849086614173228 1521118773.291859291338582677
232 1521118773.291859291338582677 1521118773.291869496062992126
233 1521118773.291869496062992126 1521118773.291879700787401575
234 1521118773.291879700787401575 1521118773.291889905511811024
235 1521118773.291889905511811024 1521118773.291900110236220472
236 1521118773.291900110236220472 1521118773.291910314960629921
237 1521118773.291910314960629921 1521118773.291920519685039370
238 1521118773.291920519685039370 1521118773.291930724409448819
239 1521118773.291930724409448819 1521118773.291940929133858268
240 1521118773.291940929133858268 1521118773.291951133858267717
241 1521118773.291951133858267717 1521118773.291961338582677165
242 1521118773.291961338582677165 1521118773.291971543307086614
243 1521118773.291971543307086614 1521118773.291981748031496063
244 1521118773.291981748031496063 1521118773.291991952755905512
245 1521118773.291991952755905512 1521118773.292002157480314961
246 1521118773.292002157480314961 1521118773.292012362204724409
247 1521118773.292012362204724409 1521118773.292022566929133858
248 1521118773.292022566929133858 1521118773.292032771653543307
249 1521118773.292032771653543307 1521118773.292042976377952756
250 1521118773.292042976377952756 1521118773.292053181102362205
251 1521118773.292053181102362205 1521118773.292063385826771654
252 1521118773.292063385826771654 1521118773.292073590551181102
253 1521118773.292073590551181102 1521118773.292083795275590551
254 1521118773.292083795275590551 1521118773.292094000000000000
