1 1521118773.289502000000000000 1521118773.298725893700787402
2 1521118773.298725893700787402 1521118773.307949787401574803
3 1521118773.307949787401574803 1521118773.317173681102362205
4 1521118773.317173681102362205 1521118773.326397574803149606
5 1521118773.326397574803149606 1521118773.335621468503937008
6 1521118773.335621468503937008 1521118773.344845362204724409
7 1521118773.344845362204724409 1521118773.354069255905511811
8 1521118773.354069255905511811 1521118773.363293149606299213
9 1521118773.363293149606299213 1521118773.372517043307086614
10 1521118773.372517043307086614 1521118773.381740937007874016
11 1521118773.381740937007874016 1521118773.390964830708661417
12 1521118773.390964830708661417 1521118773.400188724409448819
13 1521118773.400188724409448819 1521118773.409412618110236220
14 1521118773.409412618110236220 1521118773.418636511811023622
15 1521118773.418636511811023622 1521118773.427860405511811024
16 1521118773.427860405511811024 1521118773.437084299212598425
17 1521118773.437084299212598425 1521118773.446308192913385827
18 1521118773.446308192913385827 1521118773.455532086614173228
19 1521118773.455532086614173228 1521118773.464755980314960630
20 1521118773.464755980314960630 1521118773.473979874015748031
21 1521118773.473979874015748031 1521118773.483203767716535433
22 1521118773.483203767716535433 1521118773.492427661417322835
23 1521118773.492427661417322835 1521118773.501651555118110236
24 1521118773.501651555118110236 1521118773.510875448818897638
25 1521118773.510875448818897638 1521118773.520099342519685039
26 1521118773.520099342519685039 1521118773.529323236220472441
27 1521118773.529323236220472441 1521118773.538547129921259843
28 1521118773.538547129921259843 1521118773.547771023622047244
29 1521118773.547771023622047244 1521118773.556994917322834646
30 1521118773.556994917322834646 1521118773.566218811023622047
31 1521118773.566218811023622047 1521118773.575442704724409449
32 1521118773.575442704724409449 1521118773.584666598425196850
33 1521118773.584666598425196850 1521118773.593890492125984252
34 1521118773.593890492125984252 1521118773.603114385826771654
35 1521118773.603114385826771654 1521118773.612338279527559055
36 1521118773.612338279527559055 1521118773.621562173228346457
37 1521118773.621562173228346457 1521118773.630786066929133858
38 1521118773.630786066929133858 1521118773.640009960629921260
39 1521118773.640009960629921260 1521118773.649233854330708661
40 1521118773.649233854330708661 1521118773.658457748031496063
41 1521118773.658457748031496063 1521118773.667681641732283465
42 1521118773.667681641732283465 1521118773.676905535433070866
43 1521118773.676905535433070866 1521118773.686129429133858268
44 1521118773.686129429133858268 1521118773.695353322834645669
45 1521118773.695353322834645669 1521118773.704577216535433071
46 1521118773.704577216535433071 1521118773.713801110236220472
47 1521118773.713801110236220472 1521118773.723025003937007874
48 1521118773.723025003937007874 1521118773.732248897637795276
49 1521118773.732248897637795276 1521118773.741472791338582677
50 1521118773.741472791338582677 1521118773.750696685039370079
51 1521118773.750696685039370079 1521118773.759920578740157480
52 1521118773.759920578740157480 1521118773.769144472440944882
53 1521118773.769144472440944882 1521118773.778368366141732283
54 1521118773.778368366141732283 1521118773.787592259842519685
55 1521118773.787592259842519685 1521118773.796816153543307087
56 1521118773.796816153543307087 1521118773.806040047244094488
57 1521118773.806040047244094488 1521118773.815263940944881890
58 1521118773.815263940944881890 1521118773.824487834645669291
59 1521118773.824487834645669291 1521118773.833711728346456693
60 1521118773.833711728346456693 1521118773.842935622047244094
61 1521118773.842935622047244094 1521118773.852159515748031496
62 1521118773.852159515748031496 1521118773.861383409448818898
63 1521118773.861383409448818898 1521118773.870607303149606299
64 1521118773.870607303149606299 1521118773.879831196850393701
65 1521118773.879831196850393701 1521118773.889055090551181102
66 1521118773.889055090551181102 1521118773.898278984251968504
67 1521118773.898278984251968504 1521118773.907502877952755906
68 1521118773.907502877952755906 1521118773.916726771653543307
69 1521118773.916726771653543307 1521118773.925950665354330709
70 1521118773.925950665354330709 1521118773.935174559055118110
71 1521118773.935174559055118110 1521118773.944398452755905512
72 1521118773.944398452755905512 1521118773.953622346456692913
73 1521118773.953622346456692913 1521118773.962846240157480315
74 1521118773.962846240157480315 1521118773.972070133858267717
75 1521118773.972070133858267717 1521118773.981294027559055118
76 1521118773.981294027559055118 1521118773.990517921259842520
77 1521118773.990517921259842520 1521118773.999741814960629921
78 1521118773.999741814960629921 1521118774.008965708661417323
79 1521118774.008965708661417323 1521118774.018189602362204724
80 1521118774.018189602362204724 1521118774.027413496062992126
81 1521118774.027413496062992126 1521118774.036637389763779528
82 1521118774.036637389763779528 1521118774.045861283464566929
83 1521118774.045861283464566929 1521118774.055085177165354331
84 1521118774.055085177165354331 1521118774.064309070866141732
85 1521118774.064309070866141732 1521118774.073532964566929134
86 1521118774.073532964566929134 1521118774.082756858267716535
87 1521118774.082756858267716535 1521118774.091980751968503937
88 1521118774.091980751968503937 1521118774.101204645669291339
89 1521118774.101204645669291339 1521118774.110428539370078740
90 1521118774.110428539370078740 1521118774.119652433070866142
91 1521118774.119652433070866142 1521118774.128876326771653543
92 1521118774.128876326771653543 1521118774.138100220472440945
93 1521118774.138100220472440945 1521118774.147324114173228346
94 1521118774.147324114173228346 1521118774.156548007874015748
95 1521118774.156548007874015748 1521118774.165771901574803150
96 1521118774.165771901574803150 1521118774.174995795275590551
97 1521118774.174995795275590551 1521118774.184219688976377953
98 1521118774.184219688976377953 1521118774.193443582677165354
99 1521118774.193443582677165354 1521118774.202667476377952756
100 1521118774.202667476377952756 1521118774.211891370078740157
101 1521118774.211891370078740157 1521118774.221115263779527559
102 1521118774.221115263779527559 1521118774.230339157480314961
103 1521118774.230339157480314961 1521118774.239563051181102362
104 1521118774.239563051181102362 1521118774.248786944881889764
105 1521118774.248786944881889764 1521118774.258010838582677165
106 1521118774.258010838582677165 1521118774.267234732283464567
107 1521118774.267234732283464567 1521118774.276458625984251969
108 1521118774.276458625984251969 1521118774.285682519685039370
109 1521118774.285682519685039370 1521118774.294906413385826772
110 1521118774.294906413385826772 1521118774.304130307086614173
111 1521118774.304130307086614173 1521118774.313354200787401575
112 1521118774.313354200787401575 1521118774.322578094488188976
113 1521118774.322578094488188976 1521118774.331801988188976378
114 1521118774.331801988188976378 1521118774.341025881889763780
115 1521118774.341025881889763780 1521118774.350249775590551181
116 1521118774.350249775590551181 1521118774.359473669291338583
117 1521118774.359473669291338583 1521118774.368697562992125984
118 1521118774.368697562992125984 1521118774.377921456692913386
119 1521118774.377921456692913386 1521118774.387145350393700787
120 1521118774.387145350393700787 1521118774.396369244094488189
121 1521118774.396369244094488189 1521118774.405593137795275591
122 1521118774.405593137795275591 1521118774.414817031496062992
123 1521118774.414817031496062992 1521118774.424040925196850394
124 1521118774.424040925196850394 1521118774.433264818897637795
125 1521118774.433264818897637795 1521118774.442488712598425197
126 1521118774.442488712598425197 1521118774.451712606299212598
127 1521118774.451712606299212598 1521118774.460936500000000000
128 1521118774.460936500000000000 1521118774.470160393700787402
129 1521118774.470160393700787402 1521118774.479384287401574803
130 1521118774.479384287401574803 1521118774.488608181102362205
131 1521118774.488608181102362205 1521118774.497832074803149606
132 1521118774.497832074803149606 1521118774.507055968503937008
133 1521118774.507055968503937008 1521118774.516279862204724409
134 1521118774.516279862204724409 1521118774.525503755905511811
135 1521118774.525503755905511811 1521118774.534727649606299213
136 1521118774.534727649606299213 1521118774.543951543307086614
137 1521118774.543951543307086614 1521118774.553175437007874016
138 1521118774.553175437007874016 1521118774.562399330708661417
139 1521118774.562399330708661417 1521118774.571623224409448819
140 1521118774.571623224409448819 1521118774.580847118110236220
141 1521118774.580847118110236220 1521118774.590071011811023622
142 1521118774.590071011811023622 1521118774.599294905511811024
143 1521118774.599294905511811024 1521118774.608518799212598425
144 1521118774.608518799212598425 1521118774.617742692913385827
145 1521118774.617742692913385827 1521118774.626966586614173228
146 1521118774.626966586614173228 1521118774.636190480314960630
147 1521118774.636190480314960630 1521118774.645414374015748031
148 1521118774.645414374015748031 1521118774.654638267716535433
149 1521118774.654638267716535433 1521118774.663862161417322835
150 1521118774.663862161417322835 1521118774.673086055118110236
151 1521118774.673086055118110236 1521118774.682309948818897638
152 1521118774.682309948818897638 1521118774.691533842519685039
153 1521118774.691533842519685039 1521118774.700757736220472441
154 1521118774.700757736220472441 1521118774.709981629921259843
155 1521118774.709981629921259843 1521118774.719205523622047244
156 1521118774.719205523622047244 1521118774.728429417322834646
157 1521118774.728429417322834646 1521118774.737653311023622047
158 1521118774.737653311023622047 1521118774.746877204724409449
159 1521118774.746877204724409449 1521118774.756101098425196850
160 1521118774.756101098425196850 1521118774.765324992125984252
161 1521118774.765324992125984252 1521118774.774548885826771654
162 1521118774.774548885826771654 1521118774.783772779527559055
163 1521118774.783772779527559055 1521118774.792996673228346457
164 1521118774.792996673228346457 1521118774.802220566929133858
165 1521118774.802220566929133858 1521118774.811444460629921260
166 1521118774.811444460629921260 1521118774.820668354330708661
167 1521118774.820668354330708661 1521118774.829892248031496063
168 1521118774.829892248031496063 1521118774.839116141732283465
169 1521118774.839116141732283465 1521118774.848340035433070866
170 1521118774.848340035433070866 1521118774.857563929133858268
171 1521118774.857563929133858268 1521118774.866787822834645669
172 1521118774.866787822834645669 1521118774.876011716535433071
173 1521118774.876011716535433071 1521118774.885235610236220472
174 1521118774.885235610236220472 1521118774.894459503937007874
175 1521118774.894459503937007874 1521118774.903683397637795276
176 1521118774.903683397637795276 1521118774.912907291338582677
177 1521118774.912907291338582677 1521118774.922131185039370079
178 1521118774.922131185039370079 1521118774.931355078740157480
179 1521118774.931355078740157480 1521118774.940578972440944882
180 1521118774.940578972440944882 1521118774.949802866141732283
181 1521118774.949802866141732283 1521118774.959026759842519685
182 1521118774.959026759842519685 1521118774.968250653543307087
183 1521118774.968250653543307087 1521118774.977474547244094488
184 1521118774.977474547244094488 1521118774.986698440944881890
185 1521118774.986698440944881890 1521118774.995922334645669291
186 1521118774.995922334645669291 1521118775.005146228346456693
187 1521118775.005146228346456693 1521118775.014370122047244094
188 1521118775.014370122047244094 1521118775.023594015748031496
189 1521118775.023594015748031496 1521118775.032817909448818898
190 1521118775.032817909448818898 1521118775.042041803149606299
191 1521118775.042041803149606299 1521118775.051265696850393701
192 1521118775.051265696850393701 1521118775.060489590551181102
193 1521118775.060489590551181102 1521118775.069713484251968504
194 1521118775.069713484251968504 1521118775.078937377952755906
195 1521118775.078937377952755906 1521118775.088161271653543307
196 1521118775.088161271653543307 1521118775.097385165354330709
197 1521118775.097385165354330709 1521118775.106609059055118110
198 1521118775.106609059055118110 1521118775.115832952755905512
199 1521118775.115832952755905512 1521118775.125056846456692913
200 1521118775.125056846456692913 1521118775.134280740157480315
201 1521118775.134280740157480315 1521118775.143504633858267717
202 1521118775.143504633858267717 1521118775.152728527559055118
203 1521118775.152728527559055118 1521118775.161952421259842520
204 1521118775.161952421259842520 1521118775.171176314960629921
205 1521118775.171176314960629921 1521118775.180400208661417323
206 1521118775.180400208661417323 1521118775.189624102362204724
207 1521118775.189624102362204724 1521118775.198847996062992126
208 1521118775.198847996062992126 1521118775.208071889763779528
209 1521118775.208071889763779528 1521118775.217295783464566929
210 1521118775.217295783464566929 1521118775.226519677165354331
211 1521118775.226519677165354331 1521118775.235743570866141732
212 1521118775.235743570866141732 1521118775.244967464566929134
213 1521118775.244967464566929134 1521118775.254191358267716535
214 1521118775.254191358267716535 1521118775.263415251968503937
215 1521118775.263415251968503937 1521118775.272639145669291339
216 1521118775.272639145669291339 1521118775.281863039370078740
217 1521118775.281863039370078740 1521118775.291086933070866142
218 1521118775.291086933070866142 1521118775.300310826771653543
219 1521118775.300310826771653543 1521118775.309534720472440945
220 1521118775.309534720472440945 1521118775.318758614173228346
221 1521118775.318758614173228346 1521118775.327982507874015748
222 1521118775.327982507874015748 1521118775.337206401574803150
223 1521118775.337206401574803150 1521118775.346430295275590551
224 1521118775.346430295275590551 1521118775.355654188976377953
225 1521118775.355654188976377953 1521118775.364878082677165354
226 1521118775.364878082677165354 1521118775.374101976377952756
227 1521118775.374101976377952756 1521118775.383325870078740157
228 1521118775.383325870078740157 1521118775.392549763779527559
229 1521118775.392549763779527559 1521118775.401773657480314961
230 1521118775.401773657480314961 1521118775.410997551181102362
231 1521118775.410997551181102362 1521118775.420221444881889764
232 1521118775.420221444881889764 1521118775.429445338582677165
233 1521118775.429445338582677165 1521118775.438669232283464567
234 1521118775.438669232283464567 1521118775.447893125984251969
235 1521118775.447893125984251969 1521118775.457117019685039370
236 1521118775.457117019685039370 1521118775.466340913385826772
237 1521118775.466340913385826772 1521118775.475564807086614173
238 1521118775.475564807086614173 1521118775.484788700787401575
239 1521118775.484788700787401575 1521118775.494012594488188976
240 1521118775.494012594488188976 1521118775.503236488188976378
241 1521118775.503236488188976378 1521118775.512460381889763780
242 1521118775.512460381889763780 1521118775.521684275590551181
243 1521118775.521684275590551181 1521118775.530908169291338583
244 1521118775.530908169291338583 1521118775.540132062992125984
245 1521118775.540132062992125984 1521118775.549355956692913386
246 1521118775.549355956692913386 1521118775.558579850393700787
247 1521118775.558579850393700787 1521118775.567803744094488189
248 1521118775.567803744094488189 1521118775.577027637795275591
249 1521118775.577027637795275591 1521118775.586251531496062992
250 1521118775.586251531496062992 1521118775.595475425196850394
251 1521118775.595475425196850394 1521118775.604699318897637795
252 1521118775.604699318897637795 1521118775.613923212598425197
253 1521118775.613923212598425197 1521118775.623147106299212598
254 1521118775.623147106299212598 1521118775.632371000000000000
